----- Memory data (little-endian) -----
9e d9 b0 00 00 00 00 00 
5e cf 61 00 00 00 00 00 
f0 34 d0 00 00 00 00 00 
f9 1b 3a 00 00 00 00 00 
50 63 c7 00 00 00 00 00 
e7 d6 3b 00 00 00 00 00 
36 78 74 00 00 00 00 00 
44 04 02 00 00 00 00 00 
e0 05 40 00 00 00 00 00 
37 0d c2 00 00 00 00 00 
c0 d6 38 00 00 00 00 00 
9d 07 9b 00 00 00 00 00 
b3 53 9c 00 00 00 00 00 
02 78 f2 00 00 00 00 00 
c0 b6 7e 00 00 00 00 00 
4d 1a 93 00 00 00 00 00 
ab 7c af 00 00 00 00 00 
31 76 16 00 00 00 00 00 
9d 56 e8 00 00 00 00 00 
9e 7c 3b 00 00 00 00 00 
d1 8b 4b 00 00 00 00 00 
07 9c 4d 00 00 00 00 00 
3c 05 0e 00 00 00 00 00 
f8 4f d5 00 00 00 00 00 
72 35 c9 00 00 00 00 00 
94 26 56 00 00 00 00 00 
95 7f e7 00 00 00 00 00 
77 9b e4 00 00 00 00 00 
eb 9e 4a 00 00 00 00 00 
3a 5c 37 00 00 00 00 00 
97 5b 6a 00 00 00 00 00 
25 1d e6 00 00 00 00 00 
e0 6b b4 00 00 00 00 00 
0a 5a 06 00 00 00 00 00 
a1 45 7c 00 00 00 00 00 
31 bf dc 00 00 00 00 00 
b6 4e d0 00 00 00 00 00 
26 07 0c 00 00 00 00 00 
59 90 ba 00 00 00 00 00 
1f 50 58 00 00 00 00 00 
e3 fe af 00 00 00 00 00 
51 28 5b 00 00 00 00 00 
a7 a9 de 00 00 00 00 00 
20 74 06 00 00 00 00 00 
1a b9 ff 00 00 00 00 00 
19 56 f4 00 00 00 00 00 
3e 9e da 00 00 00 00 00 
49 36 fe 00 00 00 00 00 
3a 6c 7f 00 00 00 00 00 
d6 cb a3 00 00 00 00 00 
83 77 99 00 00 00 00 00 
63 df b7 00 00 00 00 00 
3a f9 94 00 00 00 00 00 
69 31 78 00 00 00 00 00 
bf b9 1a 00 00 00 00 00 
77 4d 43 00 00 00 00 00 
19 fc aa 00 00 00 00 00 
72 a9 07 00 00 00 00 00 
3f 63 9a 00 00 00 00 00 
b1 8b 2d 00 00 00 00 00 
87 0e c4 00 00 00 00 00 
42 f4 31 00 00 00 00 00 
4f 79 f7 00 00 00 00 00 
f5 e6 23 00 00 00 00 00 
b7 1a 4d 00 00 00 00 00 
4f de 74 00 00 00 00 00 
44 75 4b 00 00 00 00 00 
ad 27 fe 00 00 00 00 00 
6b ef 41 00 00 00 00 00 
97 a0 ad 00 00 00 00 00 
7d c4 db 00 00 00 00 00 
2d ed e5 00 00 00 00 00 
e1 d5 b1 00 00 00 00 00 
b4 ac 96 00 00 00 00 00 
58 56 88 00 00 00 00 00 
89 f2 b9 00 00 00 00 00 
a5 bb 5d 00 00 00 00 00 
5e 5f 87 00 00 00 00 00 
97 db 04 00 00 00 00 00 
bc cd 1b 00 00 00 00 00 
92 f8 69 00 00 00 00 00 
df db 84 00 00 00 00 00 
f5 f6 71 00 00 00 00 00 
3a ac 3b 00 00 00 00 00 
e2 70 01 00 00 00 00 00 
e6 2e b3 00 00 00 00 00 
0b ee 83 00 00 00 00 00 
3f 14 c5 00 00 00 00 00 
da 8a 43 00 00 00 00 00 
af 5f 08 00 00 00 00 00 
b0 bf 0c 00 00 00 00 00 
af 5b 23 00 00 00 00 00 
d4 6d 62 00 00 00 00 00 
6b e7 7c 00 00 00 00 00 
42 c2 69 00 00 00 00 00 
03 a8 be 00 00 00 00 00 
bd 82 d9 00 00 00 00 00 
0f 61 be 00 00 00 00 00 
4f a9 a6 00 00 00 00 00 
ae f2 47 00 00 00 00 00 
a6 1d 72 00 00 00 00 00 
a4 1c 33 00 00 00 00 00 
e9 1a fd 00 00 00 00 00 
19 25 05 00 00 00 00 00 
36 38 52 00 00 00 00 00 
5a a9 8d 00 00 00 00 00 
43 f8 31 00 00 00 00 00 
cd 92 13 00 00 00 00 00 
31 a2 1b 00 00 00 00 00 
f3 38 43 00 00 00 00 00 
a2 73 cb 00 00 00 00 00 
7a ad fb 00 00 00 00 00 
b2 46 5a 00 00 00 00 00 
7a d1 71 00 00 00 00 00 
2f e9 fa 00 00 00 00 00 
64 8b b7 00 00 00 00 00 
6a 7d 09 00 00 00 00 00 
75 c7 e1 00 00 00 00 00 
b7 88 0e 00 00 00 00 00 
d3 94 e9 00 00 00 00 00 
c7 ef 69 00 00 00 00 00 
63 de ad 00 00 00 00 00 
ed a7 26 00 00 00 00 00 
65 90 88 00 00 00 00 00 
25 eb 82 00 00 00 00 00 
40 b3 44 00 00 00 00 00 
06 cc 7e 00 00 00 00 00 
30 96 5c 00 00 00 00 00 
3c 2c 60 00 00 00 00 00 
59 64 46 00 00 00 00 00 
52 8c 74 00 00 00 00 00 
c4 50 67 00 00 00 00 00 
45 cd 98 00 00 00 00 00 
4f 28 9d 00 00 00 00 00 
eb 0a c8 00 00 00 00 00 
76 01 37 00 00 00 00 00 
6d 0e 85 00 00 00 00 00 
8f 06 74 00 00 00 00 00 
99 36 ef 00 00 00 00 00 
22 47 80 00 00 00 00 00 
1a 3f 79 00 00 00 00 00 
cd bb de 00 00 00 00 00 
4a bf 00 00 00 00 00 00 
64 8d d2 00 00 00 00 00 
04 dd a0 00 00 00 00 00 
ca 0f 0f 00 00 00 00 00 
53 37 00 00 00 00 00 00 
bb ff a3 00 00 00 00 00 
ad 34 0d 00 00 00 00 00 
b4 d7 3d 00 00 00 00 00 
60 ac 36 00 00 00 00 00 
64 80 47 00 00 00 00 00 
0a 8c 85 00 00 00 00 00 
47 c5 ac 00 00 00 00 00 
a8 2b f7 00 00 00 00 00 
02 4a 6a 00 00 00 00 00 
52 bd 13 00 00 00 00 00 
92 78 dd 00 00 00 00 00 
56 f7 a2 00 00 00 00 00 
6b 03 26 00 00 00 00 00 
2d 9c d4 00 00 00 00 00 
84 a2 89 00 00 00 00 00 
e2 be 3c 00 00 00 00 00 
b2 45 f5 00 00 00 00 00 
e5 87 dd 00 00 00 00 00 
30 f7 14 00 00 00 00 00 
a3 1e 20 00 00 00 00 00 
af 5d db 00 00 00 00 00 
39 63 d4 00 00 00 00 00 
f3 0f e3 00 00 00 00 00 
2a 66 2b 00 00 00 00 00 
f6 4a 49 00 00 00 00 00 
f6 88 9e 00 00 00 00 00 
17 ce d4 00 00 00 00 00 
7e da 70 00 00 00 00 00 
4f 4e 1c 00 00 00 00 00 
a5 2a 4b 00 00 00 00 00 
b8 ac 19 00 00 00 00 00 
5a a2 d9 00 00 00 00 00 
6e 0d 2e 00 00 00 00 00 
9c 7a 46 00 00 00 00 00 
10 23 34 00 00 00 00 00 
85 99 34 00 00 00 00 00 
f6 95 87 00 00 00 00 00 
72 f4 87 00 00 00 00 00 
50 b8 76 00 00 00 00 00 
8e 9b 09 00 00 00 00 00 
04 26 88 00 00 00 00 00 
a2 a5 d5 00 00 00 00 00 
b6 6b 96 00 00 00 00 00 
6e 94 a4 00 00 00 00 00 
f8 10 4c 00 00 00 00 00 
48 84 63 00 00 00 00 00 
62 de e0 00 00 00 00 00 
81 6a 02 00 00 00 00 00 
8a ed eb 00 00 00 00 00 
7c 07 de 00 00 00 00 00 
59 81 71 00 00 00 00 00 
ee b3 0a 00 00 00 00 00 
7d e7 9e 00 00 00 00 00 
56 79 ca 00 00 00 00 00 
10 bd 1f 00 00 00 00 00 
17 fc 14 00 00 00 00 00 
65 58 50 00 00 00 00 00 
a2 cb b9 00 00 00 00 00 
d9 fb bc 00 00 00 00 00 
c8 e1 8d 00 00 00 00 00 
40 58 d8 00 00 00 00 00 
45 3d 7a 00 00 00 00 00 
ff 02 5a 00 00 00 00 00 
09 51 31 00 00 00 00 00 
08 75 b4 00 00 00 00 00 
0c a7 66 00 00 00 00 00 
7b ad 8d 00 00 00 00 00 
d0 03 2f 00 00 00 00 00 
e5 d5 0f 00 00 00 00 00 
91 db 55 00 00 00 00 00 
23 e5 9d 00 00 00 00 00 
30 95 3a 00 00 00 00 00 
91 23 d6 00 00 00 00 00 
25 2b 7c 00 00 00 00 00 
dc bc b0 00 00 00 00 00 
e9 7d 98 00 00 00 00 00 
54 ba df 00 00 00 00 00 
c6 19 87 00 00 00 00 00 
2a 6f 86 00 00 00 00 00 
c0 fe 1d 00 00 00 00 00 
86 64 bd 00 00 00 00 00 
05 44 3b 00 00 00 00 00 
d3 cd 0e 00 00 00 00 00 
25 da 62 00 00 00 00 00 
49 3c 17 00 00 00 00 00 
75 07 ea 00 00 00 00 00 
c8 58 18 00 00 00 00 00 
84 81 4b 00 00 00 00 00 
36 16 b2 00 00 00 00 00 
46 06 31 00 00 00 00 00 
d5 16 90 00 00 00 00 00 
85 96 aa 00 00 00 00 00 
5d 82 c5 00 00 00 00 00 
3b c2 b8 00 00 00 00 00 
28 ab 3a 00 00 00 00 00 
44 21 dd 00 00 00 00 00 
27 d2 92 00 00 00 00 00 
e9 74 cb 00 00 00 00 00 
d6 0b 5a 00 00 00 00 00 
be 6f 49 00 00 00 00 00 
9a ed 55 00 00 00 00 00 
93 4e 8b 00 00 00 00 00 
d5 ea 86 00 00 00 00 00 
fe ba a9 00 00 00 00 00 
61 5d 88 00 00 00 00 00 
fc 6c ea 00 00 00 00 00 
fd 1e 3b 00 00 00 00 00 
40 b4 e3 00 00 00 00 00 
dd 6f 5c 00 00 00 00 00 
a1 be 24 00 00 00 00 00 
82 80 9b 00 00 00 00 00 
12 5e 5f 00 00 00 00 00 
4f 49 9d 00 00 00 00 00 
bb 83 5c 00 00 00 00 00 
15 08 e1 00 00 00 00 00 
27 f8 7c 00 00 00 00 00 
e7 d3 c6 00 00 00 00 00 
6c ce b3 00 00 00 00 00 
4c c7 d2 00 00 00 00 00 
e3 11 e7 00 00 00 00 00 
af 60 3b 00 00 00 00 00 
67 8d 66 00 00 00 00 00 
5d 7c 7b 00 00 00 00 00 
f6 15 91 00 00 00 00 00 
25 61 7c 00 00 00 00 00 
2e 9c 33 00 00 00 00 00 
43 48 60 00 00 00 00 00 
a2 61 1b 00 00 00 00 00 
fb fb 90 00 00 00 00 00 
3b 2d b9 00 00 00 00 00 
d9 dc 60 00 00 00 00 00 
b0 08 fe 00 00 00 00 00 
14 6c e5 00 00 00 00 00 
cc d0 db 00 00 00 00 00 
ed 21 37 00 00 00 00 00 
99 cb c2 00 00 00 00 00 
04 14 f7 00 00 00 00 00 
c7 87 1f 00 00 00 00 00 
d4 81 d7 00 00 00 00 00 
e6 c5 1d 00 00 00 00 00 
bb ec d8 00 00 00 00 00 
bf 87 67 00 00 00 00 00 
e8 6a 11 00 00 00 00 00 
d9 c4 77 00 00 00 00 00 
f4 3d 68 00 00 00 00 00 
39 d3 a4 00 00 00 00 00 
b2 b0 0d 00 00 00 00 00 
13 a1 f7 00 00 00 00 00 
e9 3f 1a 00 00 00 00 00 
c6 f5 43 00 00 00 00 00 
3b 7b 1b 00 00 00 00 00 
23 2b 6e 00 00 00 00 00 
02 ad 83 00 00 00 00 00 
b7 a6 58 00 00 00 00 00 
76 d4 37 00 00 00 00 00 
f5 7e ea 00 00 00 00 00 
26 36 0a 00 00 00 00 00 
a2 6e 32 00 00 00 00 00 
e9 dd 84 00 00 00 00 00 
2d 64 72 00 00 00 00 00 
92 8f ce 00 00 00 00 00 
25 a5 db 00 00 00 00 00 
95 23 5c 00 00 00 00 00 
e2 21 f4 00 00 00 00 00 
d9 ee 2b 00 00 00 00 00 
11 a9 6b 00 00 00 00 00 
b2 50 45 00 00 00 00 00 
2e 84 28 00 00 00 00 00 
fc 6b 6a 00 00 00 00 00 
69 0e d7 00 00 00 00 00 
4e 3a 7f 00 00 00 00 00 
bb 62 63 00 00 00 00 00 
34 91 42 00 00 00 00 00 
3f 2f 6f 00 00 00 00 00 
fc c9 1b 00 00 00 00 00 
d7 70 b9 00 00 00 00 00 
03 8f 9f 00 00 00 00 00 
c8 a2 ff 00 00 00 00 00 
4e 63 55 00 00 00 00 00 
bd 99 cb 00 00 00 00 00 
fc 37 70 00 00 00 00 00 
37 97 a5 00 00 00 00 00 
b3 be 29 00 00 00 00 00 
84 e3 ae 00 00 00 00 00 
b3 4d f9 00 00 00 00 00 
0b d9 3d 00 00 00 00 00 
c4 19 8b 00 00 00 00 00 
a8 b8 84 00 00 00 00 00 
2b 57 a8 00 00 00 00 00 
da 82 f1 00 00 00 00 00 
0b 4c 3a 00 00 00 00 00 
05 a3 d8 00 00 00 00 00 
96 1d e1 00 00 00 00 00 
4f 90 db 00 00 00 00 00 
04 44 36 00 00 00 00 00 
09 cf b6 00 00 00 00 00 
a5 c9 80 00 00 00 00 00 
f8 35 71 00 00 00 00 00 
10 6e 9d 00 00 00 00 00 
09 56 4d 00 00 00 00 00 
89 78 9a 00 00 00 00 00 
c0 ed 62 00 00 00 00 00 
8b fc b1 00 00 00 00 00 
ab 47 65 00 00 00 00 00 
90 f4 1e 00 00 00 00 00 
a3 b8 8e 00 00 00 00 00 
51 0c 23 00 00 00 00 00 
c6 57 b9 00 00 00 00 00 
1e c7 e4 00 00 00 00 00 
5f bf 50 00 00 00 00 00 
a2 7b 91 00 00 00 00 00 
2f 48 05 00 00 00 00 00 
74 4a be 00 00 00 00 00 
53 87 1f 00 00 00 00 00 
d4 4d cf 00 00 00 00 00 
88 75 27 00 00 00 00 00 
0d b6 7f 00 00 00 00 00 
ab 1e eb 00 00 00 00 00 
9c 17 88 00 00 00 00 00 
f4 fc 00 00 00 00 00 00 
98 4c b7 00 00 00 00 00 
97 bc 5c 00 00 00 00 00 
eb dc 41 00 00 00 00 00 
ff f7 b7 00 00 00 00 00 
9b 15 19 00 00 00 00 00 
3c f8 24 00 00 00 00 00 
81 d9 e0 00 00 00 00 00 
e1 2d ca 00 00 00 00 00 
d5 25 3f 00 00 00 00 00 
9d c3 6d 00 00 00 00 00 
a9 93 cd 00 00 00 00 00 
d2 2b f6 00 00 00 00 00 
a2 39 b6 00 00 00 00 00 
6b e0 9e 00 00 00 00 00 
09 7b f9 00 00 00 00 00 
6f 46 3a 00 00 00 00 00 
e6 01 ae 00 00 00 00 00 
86 b8 e6 00 00 00 00 00 
30 88 a5 00 00 00 00 00 
9c 79 65 00 00 00 00 00 
c8 10 0a 00 00 00 00 00 
a2 9a a1 00 00 00 00 00 
b0 6f 34 00 00 00 00 00 
6e 39 fd 00 00 00 00 00 
73 7f a1 00 00 00 00 00 
25 08 2e 00 00 00 00 00 
ec d2 e3 00 00 00 00 00 
05 96 d2 00 00 00 00 00 
ad 3a 42 00 00 00 00 00 
e4 e2 8f 00 00 00 00 00 
a1 82 9d 00 00 00 00 00 
10 5e 62 00 00 00 00 00 
40 ce 5b 00 00 00 00 00 
